{
 "cells": [
  {
   "cell_type": "markdown",
   "id": "5129cec9",
   "metadata": {},
   "source": [
    "## BA7A\n",
    "### Compute Distances Between Leaves"
   ]
  },
  {
   "cell_type": "code",
   "execution_count": 8,
   "id": "722b1f0e",
   "metadata": {},
   "outputs": [
    {
     "name": "stdout",
     "output_type": "stream",
     "text": [
      "Collecting networkx\n",
      "  Downloading networkx-2.8.8-py3-none-any.whl (2.0 MB)\n",
      "     ---------------------------------------- 2.0/2.0 MB 2.0 MB/s eta 0:00:00\n",
      "Installing collected packages: networkx\n",
      "Successfully installed networkx-2.8.8\n"
     ]
    },
    {
     "name": "stderr",
     "output_type": "stream",
     "text": [
      "WARNING: There was an error checking the latest version of pip.\n"
     ]
    }
   ],
   "source": [
    "!pip install networkx"
   ]
  },
  {
   "cell_type": "code",
   "execution_count": 44,
   "id": "c326452a",
   "metadata": {},
   "outputs": [
    {
     "name": "stdout",
     "output_type": "stream",
     "text": [
      "0 13 21 22 \n",
      "13 0 12 13 \n",
      "21 12 0 13 \n",
      "22 13 13 0 \n"
     ]
    }
   ],
   "source": [
    "import networkx as nx\n",
    "\n",
    "def dist_matrix(weighted_edge_list):\n",
    "    tree = nx.Graph()\n",
    "    tree.add_weighted_edges_from(weighted_edge_list)\n",
    "    dist = dict(nx.all_pairs_dijkstra_path_length(tree))\n",
    "    leaves = [n for n in tree.nodes() if tree.degree(n) == 1]\n",
    "    return [[dist[n1][n2] for n1 in leaves] for n2 in leaves]\n",
    "\n",
    "# n = 4\n",
    "# input_txt = '''0->4:11\n",
    "# 1->4:2\n",
    "# 2->5:6\n",
    "# 3->5:7\n",
    "# 4->0:11\n",
    "# 4->1:2\n",
    "# 4->5:4\n",
    "# 5->4:4\n",
    "# 5->3:7\n",
    "# 5->2:6'''.replace('->', ' ').replace(':', ' ').split()\n",
    "# print(input_txt)\n",
    "\n",
    "# weighted_edge_list = [(u,v,int(w)) for u,v,w in zip(input_txt[::3], input_txt[1::3], input_txt[2::3])]\n",
    "# print(weighted_edge_list)\n",
    "\n",
    "# dist = dist_matrix(weighted_edge_list)\n",
    "# for i in dist:\n",
    "#     for j in i:\n",
    "#         print(j, end = ' ')\n",
    "#     print()\n",
    "\n",
    "with open('rosalind_ba7a_.txt') as f:\n",
    "    n = int(f.readline().strip())\n",
    "#     print(n)\n",
    "    input_txt = [line for line in f]\n",
    "    input_txt = ''.join(input_txt)\n",
    "    input_txt = input_txt.replace('->', ' ').replace(':', ' ').split()\n",
    "#     print(input_txt)\n",
    "    weighted_edge_list = [(u,v,int(w)) for u,v,w in zip(input_txt[::3], input_txt[1::3], input_txt[2::3])]\n",
    "#     print(weighted_edge_list)\n",
    "    dist = dist_matrix(weighted_edge_list)\n",
    "    for i in dist:\n",
    "        for j in i:\n",
    "            print(j, end = ' ')\n",
    "        print()\n",
    "        \n",
    "    "
   ]
  },
  {
   "cell_type": "markdown",
   "id": "1587f8fe",
   "metadata": {},
   "source": [
    "## BA7B\n",
    "### Compute Limb Lengths in a Tree"
   ]
  },
  {
   "cell_type": "code",
   "execution_count": 54,
   "id": "0b3675d4",
   "metadata": {},
   "outputs": [
    {
     "data": {
      "text/plain": [
       "790"
      ]
     },
     "execution_count": 54,
     "metadata": {},
     "output_type": "execute_result"
    }
   ],
   "source": [
    "import numpy as np\n",
    "import itertools as it\n",
    "def limb_length(n,i,dist_m):\n",
    "    return min((dist_m[i,k]+dist_m[i,j]-dist_m[j,k])//2 for j,k in it.combinations(it.chain(range(i), range(i+1,n)),2))\n",
    "def compute_limb_length(n,j,dist_mat):\n",
    "    limb_length = 10000000000\n",
    "    for i in range(n):\n",
    "        for k in range(n):\n",
    "            if(i != j and k != j):\n",
    "                # D(i,k) + D(i,j) - D(j,k) / 2\n",
    "                temp = (dist_mat[j][k] + dist_mat[j][i] - dist_mat[i][k]) / 2\n",
    "                if temp < limb_length:\n",
    "                    limb_length = temp\n",
    "    \n",
    "    return int(limb_length)\n",
    "# n = 4\n",
    "# j = 1\n",
    "# dist_mat = [[0,13,21,22],\n",
    "#            [13,0,12,13],\n",
    "#            [21,12,0,13],\n",
    "#            [22,13,13,0]]\n",
    "n = 29\n",
    "j = 20\n",
    "input_str = '''0 7039 4711 1728 5863 11251 8855 6838 13445 1209 9370 13002 13567 1714 11891 10579 9660 3904 5214 5453 7993 3590 1279 5959 4620 1968 12904 9245 3171\n",
    "7039 0 4208 7629 2300 5612 3216 1593 7806 7110 3731 7363 7928 5455 6252 4940 4021 4317 2331 3332 2354 4495 5930 2224 3367 5371 7265 3606 5696\n",
    "4711 4208 0 5301 3032 8420 6024 4007 10614 4782 6539 10171 10736 3127 9060 7748 6829 1989 2383 2622 5162 2167 3602 3128 1789 3043 10073 6414 3368\n",
    "1728 7629 5301 0 6453 11841 9445 7428 14035 1019 9960 13592 14157 2304 12481 11169 10250 4494 5804 6043 8583 4180 1869 6549 5210 2558 13494 9835 3761\n",
    "5863 2300 3032 6453 0 6512 4116 2099 8706 5934 4631 8263 8828 4279 7152 5840 4921 3141 1155 2156 3254 3319 4754 1220 2191 4195 8165 4506 4520\n",
    "11251 5612 8420 11841 6512 0 4362 5805 3280 11322 2601 2837 3402 9667 1726 2332 3567 8529 6543 7544 4838 8707 10142 6436 7579 9583 2739 3900 9908\n",
    "8855 3216 6024 9445 4116 4362 0 3409 6556 8926 2481 6113 6678 7271 5002 3690 2771 6133 4147 5148 2442 6311 7746 4040 5183 7187 6015 2356 7512\n",
    "6838 1593 4007 7428 2099 5805 3409 0 7999 6909 3924 7556 8121 5254 6445 5133 4214 4116 2130 3131 2547 4294 5729 2023 3166 5170 7458 3799 5495\n",
    "13445 7806 10614 14035 8706 3280 6556 7999 0 13516 4795 1951 1276 11861 2698 4526 5761 10723 8737 9738 7032 10901 12336 8630 9773 11777 2479 6094 12102\n",
    "1209 7110 4782 1019 5934 11322 8926 6909 13516 0 9441 13073 13638 1785 11962 10650 9731 3975 5285 5524 8064 3661 1350 6030 4691 2039 12975 9316 3242\n",
    "9370 3731 6539 9960 4631 2601 2481 3924 4795 9441 0 4352 4917 7786 3241 1929 1686 6648 4662 5663 2957 6826 8261 4555 5698 7702 4254 2019 8027\n",
    "13002 7363 10171 13592 8263 2837 6113 7556 1951 13073 4352 0 2073 11418 2255 4083 5318 10280 8294 9295 6589 10458 11893 8187 9330 11334 2036 5651 11659\n",
    "13567 7928 10736 14157 8828 3402 6678 8121 1276 13638 4917 2073 0 11983 2820 4648 5883 10845 8859 9860 7154 11023 12458 8752 9895 11899 2601 6216 12224\n",
    "1714 5455 3127 2304 4279 9667 7271 5254 11861 1785 7786 11418 11983 0 10307 8995 8076 2320 3630 3869 6409 2006 605 4375 3036 384 11320 7661 1587\n",
    "11891 6252 9060 12481 7152 1726 5002 6445 2698 11962 3241 2255 2820 10307 0 2972 4207 9169 7183 8184 5478 9347 10782 7076 8219 10223 2157 4540 10548\n",
    "10579 4940 7748 11169 5840 2332 3690 5133 4526 10650 1929 4083 4648 8995 2972 0 2895 7857 5871 6872 4166 8035 9470 5764 6907 8911 3985 3228 9236\n",
    "9660 4021 6829 10250 4921 3567 2771 4214 5761 9731 1686 5318 5883 8076 4207 2895 0 6938 4952 5953 3247 7116 8551 4845 5988 7992 5220 2309 8317\n",
    "3904 4317 1989 4494 3141 8529 6133 4116 10723 3975 6648 10280 10845 2320 9169 7857 6938 0 2492 2731 5271 1360 2795 3237 1898 2236 10182 6523 2561\n",
    "5214 2331 2383 5804 1155 6543 4147 2130 8737 5285 4662 8294 8859 3630 7183 5871 4952 2492 0 1507 3285 2670 4105 1251 1542 3546 8196 4537 3871\n",
    "5453 3332 2622 6043 2156 7544 5148 3131 9738 5524 5663 9295 9860 3869 8184 6872 5953 2731 1507 0 4286 2909 4344 2252 1781 3785 9197 5538 4110\n",
    "7993 2354 5162 8583 3254 4838 2442 2547 7032 8064 2957 6589 7154 6409 5478 4166 3247 5271 3285 4286 0 5449 6884 3178 4321 6325 6491 2832 6650\n",
    "3590 4495 2167 4180 3319 8707 6311 4294 10901 3661 6826 10458 11023 2006 9347 8035 7116 1360 2670 2909 5449 0 2481 3415 2076 1922 10360 6701 2247\n",
    "1279 5930 3602 1869 4754 10142 7746 5729 12336 1350 8261 11893 12458 605 10782 9470 8551 2795 4105 4344 6884 2481 0 4850 3511 859 11795 8136 2062\n",
    "5959 2224 3128 6549 1220 6436 4040 2023 8630 6030 4555 8187 8752 4375 7076 5764 4845 3237 1251 2252 3178 3415 4850 0 2287 4291 8089 4430 4616\n",
    "4620 3367 1789 5210 2191 7579 5183 3166 9773 4691 5698 9330 9895 3036 8219 6907 5988 1898 1542 1781 4321 2076 3511 2287 0 2952 9232 5573 3277\n",
    "1968 5371 3043 2558 4195 9583 7187 5170 11777 2039 7702 11334 11899 384 10223 8911 7992 2236 3546 3785 6325 1922 859 4291 2952 0 11236 7577 1503\n",
    "12904 7265 10073 13494 8165 2739 6015 7458 2479 12975 4254 2036 2601 11320 2157 3985 5220 10182 8196 9197 6491 10360 11795 8089 9232 11236 0 5553 11561\n",
    "9245 3606 6414 9835 4506 3900 2356 3799 6094 9316 2019 5651 6216 7661 4540 3228 2309 6523 4537 5538 2832 6701 8136 4430 5573 7577 5553 0 7902\n",
    "3171 5696 3368 3761 4520 9908 7512 5495 12102 3242 8027 11659 12224 1587 10548 9236 8317 2561 3871 4110 6650 2247 2062 4616 3277 1503 11561 7902 0\n",
    "'''\n",
    "dist_mat = np.fromstring(input_str, dtype = int, sep = ' ').reshape(n,n)\n",
    "# print(dist_mat)\n",
    "compute_limb_length(n,j,dist_mat)\n",
    "# limb_length(n,j,dist_mat)"
   ]
  }
 ],
 "metadata": {
  "kernelspec": {
   "display_name": "Python 3 (ipykernel)",
   "language": "python",
   "name": "python3"
  },
  "language_info": {
   "codemirror_mode": {
    "name": "ipython",
    "version": 3
   },
   "file_extension": ".py",
   "mimetype": "text/x-python",
   "name": "python",
   "nbconvert_exporter": "python",
   "pygments_lexer": "ipython3",
   "version": "3.10.0"
  }
 },
 "nbformat": 4,
 "nbformat_minor": 5
}
